197103221996031002
197212171995031001
198505212009011006
197303021992032001
199001042008122001
198402042010122003
199101252012101001
198912202010122002
199207282014111001
199206052014112001
199006132013101001
199110042013101001
198704282010122001
199303152015021001
199311192016121001
198203072002121001
199101102018012002
199412072018012002
199703192018012001
197505271995112001
196110141982031001
198302252002121002
198707152007012002
197003281992032001
199009182013101001
196509201987032001
199211302014111001
199208162014111002
198911152015021006
198907192012101001
199412202016122001
198904252010121002
199410022018012002
199502142018012002
197608261996021001
196007071982031001
196006121987031002
196506201992031001
197004231992031001
198908232010121002
197203141994021001
196104021984022001
196503141987032002
196808121992032001
198605202008121005
198909272008122001
199101282013101001
199003072014111001
199104082012101001
196402041993031002
198808202008121001
196302081993031001
199201032015022001
199209042014112001
199211162015022002
199011182018012004
199701252018012001
197009211997031002
197703212002122001
198511272009012007
198706152015022002
198501142009012007
199106042015022003
199111082013102001
199202032015021001
198512152010122003
199611152018012002
198311042009011004
198507022010122003
198311192010122001
198404112010121001
198603132010121003
199202132015021003
198707272015021002
198405262010122002
199412032018012003
198305212009011005
198109252009012006
198407242010122002
198408302010122002
198907072015022005
198405292003121002
198710102010122001
199107262013102001
199212192014111001
198611212010122001
198510222010122008
199104182013101001
199206182013101001
199408072018012003
197508021995021001
197810122002121001
198707202010121006
198503082010121009
198506132010121001
198701122010122002
197202051992032002
199103142013102001
198710222010122003
199111162015022002
199402262018011003
199303182018011003
199503062018012001
199503202018012003
199206152018011002
199410282018011005
199305302018011002
198302262009011010
198507132010122001
199009152015022003
198408152010121004
198708122010121001
198508112010121001
198704292007011002
198501172010121005
199210282015022002
198403172010121003
197405151994021001
199107082013101001
199411162018011004
199205192018011003
199410182018012002
199509092018011005
199410282018011004
199108012018012001
198510012010121001
198503152010121001
196607061992031015
198812232008121001
199303222015021001
198509132010122006
198704152010122005
199607112018011003
199403262018011005
199612022018012001
199209152018011002
198411102003121004
198502162010122004
198304062009012010
199104222013102001
199201282015022003
198401112009011004
198304062002121001
198708242010122005
199503152018012001
199511222018012003
199612292018012003
196905051989121001
197511152002121001
198802222010122003
198503262010122006
199201172013102001
199201132015022005
198612042008122004
199004042013101001
199108272013102001
198606022010122005
199607182018012001
197208061992031001
199210052014111001
199111062013102001
199212292014111001
199207212015022002
198402232010121001
199012072013101001
198409282003121003
196512201992031001
198707162010121002
199305042018012005
199408112018011004
199407102018012002
198307232003121001
199111182013101001
198306152010121004
198406032010121001
199103172012101001
199303172015021002
199208212015021002
198707222010121006
198801142010121006
199212242018012004
199212182018012003
199007272018011004
199502052018012002
199405082018011005
198408222009011007
198408222010122002
198405172010122005
199109202013102001
199312042016121002
199202092013101001
198410142003121003
198807072010122002
199604272018012004
197907072002121003
198207052002121002
199110212013102001
199206292013102001
199102112013101001
199201192013101001
199108302013101001
199012182013101001
199112042015022005
199209142015022001
199102102013101001
198304242010121006
199010242013101001
198903262013101001
199612292018012002
199108252018012004
199309182018011002
199606052018012001
199604112018011002
198403232010121002
198610172010122008
198607272010121006
198703312010122005
198611292010121001
199202172015021002
199002042013101001
198607082010121011
196911241992031005
199505012018012005
199605022018011005
199609192018012004
198310302010021001
198605122010122009
198607212010122009
198501152010121005
199305212014111001
199102142014111001
198905202013101001
198412082003121004
198704252010122008
199504242018012002
199401182018012003
199509202018012002
199301092018011001
198306112010121002
198710092010122004
198405182003121003
198605122010122001
198907272008121001
198505122010122003
199003082013101001
199109162013101001
198408162010122004
198908232008121001
199001142012101001
199204112015022006
198712172010121001
199510112018012003
199508142018012002
199101202018011003
199609182018011007
197105311992031002
197704212002122001
198404122010121006
199212282015021001
198404212010121002
199312162016121001
198709182010122007
199109062018011003
197701122002121002
199006162013101001
198905192010121003
198307202010121002
198412192010121004
198512052010121009
196302201983111001
198409112010122005
199305182018011004
198910312018011001
197811082002122001
198501282010122002
198604162010122001
198410212009011005
198204012003121003
199509092018011006
199211132018011004
198402052010121006
199110182013101001
198801292010122006
198807122015021002
198405022009012012
199309282015022001
198604272010122009
199403172018011003
197202141992011002
197907172002121002
198703182015021002
199201102013102001
199010202013101001
198401222010121004
198203122003121003
198609292010122008
199110012013101001
199407262018011002
198410172003121001
198602162010121001
198701232010121004
198603282009011004
199108142013101001
198709032015021002
198501152010122001
199010082018012002
199311202018011002
198501202009012005
198905252010121005
198305162009012001
198503242010122002
199107202013101001
198503242010122003
199310112016122001
198411052009012004
199609052018012004
197709152002121001
198211122009012007
199110252013101001
199104092014111001
199602262018011004
199505212018011002
198411182010021001
196803111992031002
199009052015021004
199103172015021002
199003272018011003
199403112018012002
198402042010121005
199204122015021001
198402282003121001
199208312015021001
199503082018011003
198911012018011002
199504022018011002
197209151998031002
197902122009012006
196205172000122001
196602242000122001
197212182003122001
197207212003121001
198309262010122001
198605052006021004
198802182008122001
199212042015022001
199608102018011003
197410151996021001
196307152000121001
196211132000121001
196808172003121001
196907132003121002
199006272012102001
199409262018012004
198012052002121001
198607032010121002
199201092015022002
199303032015022001
199207152015021002
199109192015021002
198607062010122005
198906172010121003
196910181996031002
196610251987032001
198602032007102001
198305052003121003
198008142003121003
196909081992032001
198807312007101001
196707021998031001
196812151998031001
196601111998032001
196404041998031001
196204061998031001
198307112004121003
197906062005011002
198706222008121002
197808312005011001
197512162005012001
197508301998032001
199109022015021005
199802142018012001
197809102002121002
198111272004121001
196903221998031001
196901061998031001
198809082007102001
196204161998031001
198912102012101002
197011022005011001
198506132010122002
196004091998031001
196106231998031001
197504252005012001
196409221998031001
197210031993011001
196808271998031001
198403172010122002
199312132015021001
198312252010121003
199206062015022001
198711212007011002
197607012002121002
197102081999032001
197812042005012001
197509062005011001
198408082010122002
199002222010122001
196907141999031001
196609051998031001
198805042008121001
198007232005012001
198801172010122006
199008282014111001
196910161999031001
199606302018011001
198103112002121002
199105122013101001
198712072015021001
198305182005011002
198904252015022001
199509012018012005
196308071982092001
198410272009011009
198505052009012011
198009282005011001
197006122005011001
197004252005012002
197004242005011001
197605122005011001
198612292007011003
196209161983101001
199204212014112001
198811122014022006
199604052018011001
196508141985032001
197106302005011001
196909162005011001
198807192008121001
199601142018012001
196509191985012001
198102022005011001
196808202005011001
199110052015021002
199210102018011003
199206052018012003
197903082002121001
197502101995031001
196509052003121001
197704112005012002
197408142005011001
197404292005011001
198901122007012001
198612182007012001
196403152003121001
198710152008122002
199804122018011003
197103181997031002
196612102003121001
198308062002121001
199306172018011003
199410032018011003
198801292007102001
197403271994021002
197703052003121001
199610062018011002
060064943
060070517
060064406
060064409
060069235
060069982
060078217
060071638
060076404
060076455
060073134
060075138
060076369
060076373
060088855
060088921
060080137
060080981
060080985
060081003
060081004
060081024
060081028
060081076
060081077
060081078
060081092
060081470
060081482
060081544
060083966
060083972
060082166
060082823
060082893
060083208
060091375
060091579
060086302
060086384
060087947
060094010
060094011
060094014
060094015
060094016
060094017
060094021
060094022
060094023
060089187
060089760
060090170
060090294
060096147
060097871
060097872
060097966
060103082
060103083
060103218
060103219
060103220
060103221
060103238
060103397
060104697
060094525
060094778
060094831
060094833
060094886
060104955
060110225
060110226
060110227
060110228
060110229
060110230
060110231
060110232
060110233
060110234
060110235
060110236
060110237
060110238
060101066
060101072
060101073
060101177
060102484
060102502
060102504
060102593
060104285
060104286
060104287
060104288
060104289
060104290
060106142
060106901
060106902
060106903
060106904
060106906
060106907
060106908
060106909
060106910
060106911
060106914
060107573
060107574
060107575
060107576
060107807
060107808
060107858
060107874
060109602
060109740
060109826
060109827
060109828
060109829
060109830
060110781
060110809
060113150
060114107
060114116
060114119
060114120
060116681
060116860
060116861
060116867
060116877
060116878
060116879